%YAML:1.0
# coeficients of distortions
distor_coefs: !!opencv-matrix
   rows: 5
   cols: 1
   dt: f
   data: [ 1.83895856e-001, -9.39744592e-001, 0., 0., 2.45996714e+000 ]
