%YAML:1.0
# coeficients of distortions
distor_coefs: !!opencv-matrix
   rows: 5
   cols: 1
   dt: f
   data: [ 1.86634615e-001, -6.27574682e-001, 0., 0., 1.22293937e+000 ]
