%YAML:1.0
camera_inner_calibration_matrix: !!opencv-matrix
   rows: 3
   cols: 3
   dt: f
   data: [ 7.11336487e+002, 0., 3.04903381e+002, 0., 7.10093262e+002,
       2.36026215e+002, 0., 0., 1. ]
