%YAML:1.0
current_transpose_vector: !!opencv-matrix
   rows: 3
   cols: 1
   dt: f
   data: [ -9.95161533e-001, 9.78782848e-002, 8.55984353e-003 ]
