%YAML:1.0
current_transpose_vector: !!opencv-matrix
   rows: 3
   cols: 1
   dt: f
   data: [ 8.95870268e-001, -2.30896145e-001, 3.79608959e-001 ]
