%YAML:1.0
current_rotation_matrix: !!opencv-matrix
   rows: 3
   cols: 4
   dt: f
   data: [ 9.98345613e-001, -4.14674729e-002, -3.98308039e-002,
       -8.88842940e-001, 3.71592641e-002, 9.93945181e-001,
       -1.03401482e-001, 2.35460415e-001, 4.38774824e-002,
       1.01750389e-001, 9.93841767e-001, -3.93086106e-001 ]
