%YAML:1.0
current_rotation_matrix: !!opencv-matrix
   rows: 3
   cols: 4
   dt: f
   data: [ 9.85158026e-001, 2.82440782e-002, -1.69310197e-001,
       9.79076207e-001, -2.63436362e-002, 9.99562323e-001,
       1.34609872e-002, -1.24166846e-001, 1.69616282e-001,
       -8.80096853e-003, 9.85470891e-001, 1.61221564e-001 ]
